0
0
1
11432136 
2
18
0
2
11432119 11432129 
3
46
0
3
11432142 11432149 11432155 
4
83
0
2
11432114 11432116 
3
111
0
3
11432121 11432124 11432126 
4
149
0
2
11432131 11432133 
3
178
0
2
11432138 11432140 
3
207
0
2
11432144 11432146 
3
236
0
2
11432151 11432153 
3
265
0
2
11432158 11432160 
3
294
1
2
11432112 11432113 
0
2
4450:4917
3987:4450
345
1
2
11432114 11432115 
0
2
1992:2518
1510:1992
396
1
3
11432116 11432117 11432118 
0
3
1002:1510
2518:2982
7384:7846
466
1
2
11432119 11432120 
0
2
2982:3507
3507:3987
517
1
2
11432121 11432122 
0
2
0:474
10293:10802
566
1
2
11432124 11432125 
0
2
7846:8355
4917:5423
617
1
3
11432126 11432127 11432128 
0
3
5906:6433
5423:5906
12365:12824
689
1
2
11432129 11432130 
0
2
6433:6898
6898:7384
740
1
2
11432131 11432132 
0
2
8355:8840
8840:9367
791
1
3
11432133 11432134 11432135 
0
3
9367:9830
10802:11329
11836:12365
865
1
2
11432136 11432137 
0
2
11329:11836
12824:13309
920
1
2
11432138 11432139 
0
2
13309:13835
9830:10293
974
1
2
11432140 11432141 
0
2
14298:14827
13835:14298
1029
1
2
11432142 11432143 
0
2
15333:15858
14827:15333
1085
1
2
11432144 11432145 
0
2
16390:16869
15858:16390
1141
1
3
11432146 11432147 11432148 
0
3
17395:17904
16869:17395
18905:19430
1218
1
2
11432149 11432150 
0
2
18370:18905
19430:19957
1274
1
2
11432151 11432152 
0
2
17904:18370
20466:20947
1330
1
2
11432153 11432154 
0
2
20947:21409
21409:21881
1386
1
3
11432155 11432156 11432157 
0
3
19957:20466
23425:23960
22412:22941
1463
1
2
11432158 11432159 
0
2
22941:23425
24487:24952
1519
1
2
11432160 11432161 
0
2
23960:24487
21881:22412
